1 相机已连接,IP分别为:
  192.168.2.3
初始化成功...
设置内触发模式成功...
已设置曝光值为 14...
按G键获得线式校准后图像的数据
按P键退出
G
-39.014  23.689  0.210838  0
-38.9584  23.7315  0.763749  0
-38.8968  23.7282  -0.0527912  -13.2474
-38.8447  23.7973  1.32718  26.5135
-38.7839  23.8001  0.0467085  -21.045
-38.7299  23.8553  1.02196  18.079
-38.6634  23.8153  -0.600402  -24.4
-38.6043  23.8309  0.263087  14.5925
-38.5425  23.827  -0.0630291  -5.28266
-38.4813  23.827  0  1.02945
-38.4171  23.8044  -0.351857  -5.48216
-38.3479  23.7436  -0.880018  -7.63421
-38.2829  23.7141  -0.452592  6.57014
-38.214  23.6547  -0.861629  -5.93363
-38.1513  23.6436  -0.177638  10.9192
-38.0828  23.5872  -0.822987  -9.41846
-38.0218  23.5888  0.0257148  13.9199
-37.9579  23.5675  -0.333194  -5.61405
-37.9034  23.6191  0.947427  23.5007
-37.8425  23.6212  0.0346361  -14.987
-37.778  23.5954  -0.400544  -6.7455
-37.7127  23.5637  -0.485151  -1.29664
-37.6516  23.5637  0  7.93136
-26.4816  -64.3914  -7.87429  -0.704956
-37.5292  23.5637  -7.9615  0.0078932
-37.4623  23.5186  -0.673391  108.881
-37.3915  23.4435  -1.06179  -5.48997
-37.326  23.4091  -0.525698  8.18008
-37.2732  23.4745  1.23898  33.4153
-37.2067  23.4323  -0.635065  -28.1757
-37.1421  23.4056  -0.413248  3.43746
-37.0698  23.317  -1.2244  -11.2116
-36.9929  23.1924  -1.621  -5.15983
-36.9295  23.1735  -0.298299  20.8363
-36.8686  23.1754  0.0322591  5.43319
-36.8056  23.1604  -0.239174  -4.30952
-36.7366  23.0973  -0.914488  -9.7855
-36.6795  23.1285  0.54716  25.5765
-36.6161  23.1101  -0.29019  -13.2113
-36.5657  23.196  1.7043  39.6064
-36.5101  23.2397  0.787115  -16.4874
-36.4504  23.2509  0.187356  -10.0449
-36.3928  23.2795  0.496189  5.36576
-36.3297  23.2634  -0.254534  -11.8968
-36.2607  23.1992  -0.930382  -9.78513
-36.1936  23.151  -0.718467  3.16051
-25.4905  -64.3914  -8.17917  -0.69706
-36.049  22.9685  -8.27395  0.00897634
-35.9827  22.9264  -0.635361  115.34
-35.9197  22.9104  -0.254359  6.0473
-35.8565  22.8923  -0.286382  -0.506274
-35.7986  22.9178  0.440514  12.5528
-35.732  22.8724  -0.681516  -16.8529
-35.6679  22.8475  -0.389074  4.56457
-35.6076  22.8529  0.0902541  7.94166
-35.5418  22.8143  -0.588252  -10.3237
-35.4797  22.8049  -0.150359  7.04629
-35.4198  22.8143  0.156039  5.1166
-35.3569  22.7988  -0.245875  -6.39161
-35.2897  22.747  -0.769722  -7.78786
-35.2307  22.7637  0.281701  17.8224
-35.17  22.7667  0.0507771  -3.80892
-35.1076  22.755  -0.188921  -3.83985
-35.0453  22.7439  -0.178071  0.174077
-34.9838  22.7396  -0.0694307  1.76627
-34.9232  22.7432  0.0600554  2.13794
-34.8613  22.7355  -0.124084  -2.974
-34.801  22.7418  0.103482  3.77683
-34.7361  22.7088  -0.507464  -9.41207
-34.6719  22.6812  -0.429305  1.21617
-34.6072  22.65  -0.483252  -0.833982
-34.5446  22.6366  -0.213798  4.30679
-34.4803  22.6082  -0.441588  -3.54112
-34.41  22.5293  -1.12323  -9.70024
-34.3505  22.5416  0.207893  22.3726
-34.2903  22.5477  0.0999747  -1.79119
-34.2235  22.4982  -0.741343  -12.6026
-34.1533  22.4193  -1.12457  -5.46094
-34.0863  22.3667  -0.783939  5.07838
-24.0685  -64.3914  -8.66039  -0.786245
-33.9563  22.2969  -8.76715  0.0107974
-33.8974  22.3141  0.29276  153.811
-33.8354  22.3046  -0.15299  -7.18815
-33.7755  22.3135  0.147968  5.02639
-33.7122  22.2922  -0.335541  -7.62995
-33.6531  22.3079  0.265023  10.1616
-33.5894  22.2844  -0.369437  -9.97481
-33.5331  22.3241  0.705227  19.0749
-33.4747  22.3464  0.381267  -5.55097
-33.414  22.3481  0.0277987  -5.82105
-33.3479  22.3029  -0.684033  -10.7719
-33.2851  22.2855  -0.27678  6.47572
-33.2212  22.2599  -0.40101  -1.94669
-33.1532  22.197  -0.92417  -7.68913
-33.0939  22.2113  0.242195  19.6817
-33.0241  22.1323  -1.13178  -19.6744
-32.9462  21.9813  -1.93734  -10.3374
-32.8839  21.969  -0.19794  27.9515
-23.2497  -64.3914  -8.9639  -0.909875
-32.767  22.0113  -9.07846  0.0120372
-32.7145  22.0859  1.4206  200.034
-32.6585  22.1291  0.770187  -11.6082
-32.597  22.1232  -0.0955732  -14.0712
-32.5355  22.118  -0.0848284  0.174852
-32.4823  22.1866  1.2899  25.8279
-32.4175  22.1511  -0.547372  -28.3429
-32.351  22.1006  -0.760845  -3.21095
-32.2901  22.1006  0  12.5008
-32.2222  22.0368  -0.93863  -13.8218
-32.1557  21.9856  -0.770722  2.52487
-32.0928  21.967  -0.295311  7.55951
-32.0302  21.951  -0.256049  0.627246
-31.9641  21.902  -0.738921  -7.29454
-31.9032  21.902  0  12.1486
-31.8424  21.902  0  0
-31.7748  21.8397  -0.922715  -13.6453
-31.7107  21.8093  -0.47321  7.01127
-31.6477  21.7897  -0.311937  2.56245
-31.5813  21.7374  -0.787231  -7.15038
-31.5233  21.7635  0.451491  21.3732
-31.461  21.7494  -0.226051  -10.8719
-31.3867  21.6241  -1.68743  -19.6689
-31.31  21.476  -1.93033  -3.16764
-31.2532  21.513  0.651692  45.4865
-22.1293  -64.3914  -9.41527  -1.10336
-22.0862  -64.3914  0  218.489
-31.0908  21.6981  -9.56065  1.06175
-22  -64.3914  -9.47001  0.00997057
-21.9569  -64.3914  0  219.759
-21.9138  -64.3914  0  0
-21.8707  -64.3914  0  0
-21.8276  -64.3914  0  0
-21.7845  -64.3914  0  0
-30.6288  21.3513  -9.69474  1.09616
-30.5657  21.3282  -0.365781  147.771
-30.5035  21.314  -0.228417  2.20868
-30.4445  21.3307  0.284346  8.69849
-30.3838  21.3307  0  -4.6842
-30.3225  21.3252  -0.089896  -1.46708
-30.2578  21.286  -0.605888  -7.96492
-30.1938  21.2543  -0.494753  1.73692
-30.1361  21.2832  0.500893  17.2575
-21.3536  -64.3914  -9.7552  -1.16779
-30.0104  21.242  -9.89202  0.015805
-29.9438  21.1844  -0.865225  135.509
-29.8828  21.1805  -0.0635228  13.1269
-29.8214  21.1738  -0.109415  -0.747906
-29.7622  21.1879  0.237908  5.8639
-29.704  21.2121  0.416669  3.07176
-29.6433  21.2121  0  -6.86684
-29.5833  21.2193  0.120426  2.00885
-29.524  21.2322  0.216055  1.61051
-29.4643  21.242  0.164893  -0.85717
-29.3964  21.1713  -1.04288  -17.8046
-29.3363  21.1761  0.0810434  18.6764
-29.2779  21.1989  0.390557  5.30222
-29.2141  21.1682  -0.482278  -13.6876
-29.1434  21.0679  -1.41805  -13.2316
-29.0782  21.0219  -0.704689  10.9334
-29.014  20.9864  -0.552973  2.36389
-28.9446  20.8984  -1.26802  -10.3031
-28.884  20.8984  0  20.9196
-28.8176  20.8408  -0.868695  -13.0973
-28.7532  20.8024  -0.596179  4.2315
-28.6813  20.6873  -1.59992  -13.9478
-28.6211  20.6916  0.0724978  27.8076
-28.5592  20.6777  -0.225127  -4.80496
-28.4993  20.6847  0.117128  5.71593
-28.4437  20.7356  0.915863  14.3694
-28.3831  20.7356  0  -15.1184
-28.3276  20.7875  0.934314  16.8287
-28.2679  20.7963  0.146584  -13.1864
-28.2081  20.8044  0.136319  -0.171651
-28.1468  20.7973  -0.115814  -4.11436
-28.0853  20.7875  -0.15943  -0.708725
-28.0219  20.759  -0.449179  -4.57498
-27.9491  20.6315  -1.7503  -17.8567
-27.8813  20.5562  -1.11127  9.42617
-27.8122  20.4669  -1.29191  -2.61421
-27.7459  20.4064  -0.912211  5.7262
-27.6783  20.333  -1.08788  -2.60164
-27.6145  20.2979  -0.549287  8.43748
-27.5595  20.3555  1.04705  29.016
-27.4989  20.3549  -0.00976439  -17.4522
-27.4428  20.4006  0.812534  14.6361
-27.3788  20.3639  -0.573362  -21.6646
-27.3183  20.3646  0.0111087  9.67056
-27.2565  20.3506  -0.225949  -3.83482
-27.1986  20.3783  0.479031  12.1763
-27.1353  20.3477  -0.484004  -15.1957
-27.0663  20.2569  -1.3165  -12.0701
-27.0031  20.2274  -0.465349  13.4635
-26.9402  20.2013  -0.415234  0.796714
-26.8822  20.2278  0.456665  15.0301
-26.8219  20.2305  0.0443361  -6.84609
-26.7614  20.2305  0  -0.733138
-26.6967  20.1839  -0.718847  -11.1001
-26.6367  20.1893  0.0889546  13.4695
-26.5758  20.1847  -0.0754918  -2.7007
-26.5178  20.2113  0.458977  9.21095
-26.453  20.1639  -0.731027  -18.3664
-26.3908  20.1449  -0.30568  6.83937
-26.3285  20.1248  -0.323698  -0.289266
-26.266  20.1018  -0.36731  -0.697394
-26.2067  20.1148  0.219115  9.89399
-26.1451  20.1018  -0.210753  -6.97581
-26.0865  20.1221  0.346414  9.50527
-26.0236  20.0947  -0.435198  -12.4235
-25.9621  20.0832  -0.18685  4.04001
-25.9  20.0651  -0.291887  -1.69236
-25.8361  20.0259  -0.612853  -5.0207
-25.7757  20.0259  0  10.1414
-25.7129  19.9994  -0.42254  -6.72942
-25.649  19.9605  -0.60878  -2.91604
-25.5802  19.8652  -1.38476  -11.2729
-25.5182  19.8476  -0.284122  17.7669
-25.4588  19.8588  0.189372  7.9707
-25.3936  19.8041  -0.840164  -15.7898
-25.3322  19.7924  -0.189183  10.6024
-25.2694  19.7649  -0.43798  -3.96273
-25.208  19.7526  -0.200608  3.86291
-25.1489  19.7676  0.252784  7.6742
-25.0871  19.7509  -0.269662  -8.45121
-25.02  19.673  -1.16036  -13.2725
-24.9524  19.5891  -1.24108  -1.19436
-24.8933  19.6034  0.241417  25.0793
-24.8282  19.5487  -0.840631  -16.638
-24.7681  19.5508  0.0337349  14.5345
-24.7105  19.5829  0.558043  9.10438
-24.6481  19.5584  -0.392728  -15.23
-24.588  19.5609  0.0415279  7.22297
-24.5276  19.5609  0  -0.688286
-24.4673  19.5609  0  0
-24.4067  19.5584  -0.0412361  -0.681061
-24.3448  19.5391  -0.311455  -4.36144
-24.2818  19.5077  -0.497758  -2.959
-24.2147  19.4269  -1.20547  -10.5476
-17.2598  -64.3914  -12.0517  -1.5595
-24.0838  19.303  -12.2648  0.0312249
-24.02  19.2612  -0.655867  182.086
-23.961  19.2757  0.246149  15.2706
-23.9031  19.3048  0.502835  4.43563
-17.0443  -64.3914  -12.2028  -1.85248
-23.7876  19.3667  -12.421  0.0323483
-23.7365  19.4785  2.18722  285.759
-23.669  19.3901  -1.30891  -51.7528
-23.604  19.3327  -0.883332  6.54885
-23.545  19.3485  0.268072  19.5159
-23.4796  19.2861  -0.954065  -18.6993
-23.416  19.2446  -0.652921  4.73182
-23.3554  19.2408  -0.0615966  9.763
-23.2908  19.1869  -0.835006  -11.9684
-23.2269  19.1415  -0.709433  1.96527
-23.1607  19.0672  -1.12284  -6.24407
-23.0983  19.0403  -0.431052  11.0896
-23.0368  19.0242  -0.261443  2.75752
-22.9737  18.9878  -0.577912  -5.01348
-22.9127  18.9779  -0.161382  6.8287
-22.8496  18.9416  -0.575057  -6.55736
-22.7902  18.9524  0.181278  12.743
-22.7267  18.9105  -0.659759  -13.2428
-22.6685  18.9353  0.425592  18.6319
-22.6113  18.9735  0.6673  4.22458
-22.5507  18.9693  -0.0689688  -12.1622
-22.4963  19.0437  1.36735  26.3957
-22.4377  19.0643  0.352193  -17.3163
-22.3743  19.0237  -0.640946  -15.6698
-22.3108  18.9809  -0.674162  -0.522844
-22.2488  18.9582  -0.366004  4.97334
-22.1879  18.9489  -0.153032  3.49577
-22.1285  18.9592  0.174376  5.51046
-22.0684  18.9605  0.0201161  -2.56613
-22.0039  18.9049  -0.862048  -13.6889
-21.9413  18.8732  -0.5062  5.68368
-21.8816  18.8801  0.114819  10.4076
-21.8235  18.9067  0.458036  5.89943
-21.7627  18.8998  -0.113279  -9.40952
-21.7024  18.8978  -0.0332185  1.32667
-21.6397  18.8648  -0.526463  -7.87054
-21.576  18.8172  -0.746724  -3.45521
-21.5166  18.8284  0.187556  15.7421
-21.4573  18.8401  0.198263  0.180532
-21.3956  18.8197  -0.330365  -8.56841
-21.3341  18.8013  -0.299675  0.498709
-21.276  18.8298  0.490295  13.6021
-21.2138  18.8018  -0.450035  -15.1075
-21.1526  18.7884  -0.219055  3.77671
-21.0904  18.76  -0.45503  -3.79122
-21.0267  18.7123  -0.750494  -4.64215
-15.019  -64.3914  -13.8328  -2.17759
-20.899  18.6108  -14.1159  0.0481426
-20.8365  18.5772  -0.537512  217.023
-20.775  18.5578  -0.315621  3.60649
-20.7143  18.5505  -0.119166  3.23938
-20.6475  18.457  -1.40009  -19.1686
-20.5865  18.4442  -0.209009  19.5213
-20.5269  18.4516  0.123863  5.58718
-20.4668  18.4516  0  -2.06081
-20.4067  18.4516  0  0
-20.3426  18.3951  -0.880979  -13.747
-20.2795  18.3518  -0.686271  3.08361
-20.2176  18.3272  -0.398229  4.66016
-20.1558  18.302  -0.407452  -0.149151
-20.0963  18.3107  0.14562  9.30074
-20.0308  18.2327  -1.18994  -20.3925
-19.9671  18.1796  -0.833264  5.59584
-19.903  18.1206  -0.919837  -1.35011
-19.843  18.1206  0  15.322
-19.7852  18.1534  0.56694  9.81118
-19.727  18.1804  0.464647  -1.75797
-19.6669  18.1796  -0.0135504  -7.95612
-19.6044  18.1444  -0.564098  -8.81656
-19.5481  18.1993  0.974834  27.3284
-19.4862  18.1714  -0.449803  -23.002
-19.4261  18.1706  -0.0131391  7.26578
-19.3642  18.1439  -0.432114  -6.77514
-19.2993  18.0705  -1.12996  -10.7433
-19.2371  18.0381  -0.521299  9.7867
-19.1773  18.0415  0.0571365  9.67482
-13.7262  -64.3914  -15.1223  -2.78465
-19.0595  18.0756  -15.4626  0.0638166
-18.9973  18.0415  -0.547994  239.497
-18.9356  18.0165  -0.405722  2.30719
-18.8734  17.9827  -0.543432  -2.21294
-18.8127  17.9733  -0.154846  6.41066
-18.7508  17.9438  -0.475544  -5.1789
-18.6904  17.9373  -0.108396  6.0761
-18.6279  17.8985  -0.619824  -8.18258
-18.5676  17.8933  -0.0867269  8.83699
-18.5094  17.9212  0.478433  9.71179
-18.4471  17.8856  -0.571407  -16.8576
-18.3866  17.878  -0.124629  7.38881
-18.3256  17.8621  -0.26171  -2.24719
-18.2645  17.8438  -0.299392  -0.616322
-18.1991  17.7575  -1.31859  -15.5757
-18.1382  17.7436  -0.228618  17.9164
-18.0764  17.7144  -0.472744  -3.95086
-18.015  17.6906  -0.387092  1.39408
-17.955  17.6906  0  6.45754
-17.894  17.6728  -0.291262  -4.77069
-17.8353  17.6928  0.340991  10.7712
-17.775  17.688  -0.080732  -7.00007
-17.7142  17.6726  -0.252498  -2.82083
-17.6519  17.6343  -0.613945  -5.80299
-17.59  17.6028  -0.510205  1.67693
-17.5251  17.5211  -1.259  -11.5361
-17.4633  17.4896  -0.509425  12.1245
-17.4008  17.4476  -0.672317  -2.60858
-17.3406  17.4416  -0.0986673  9.52037
-17.2762  17.3673  -1.15535  -16.4179
-17.2163  17.3673  0  19.2952
-17.1556  17.3533  -0.230404  -3.79499
-17.0957  17.3533  0  3.84818
-17.0368  17.369  0.267135  4.53225
-16.9771  17.372  0.0489729  -3.65395
-16.9184  17.3915  0.332078  4.82051
-16.8557  17.3444  -0.751332  -17.295
-16.799  17.3986  0.956405  30.1179
-16.7375  17.3712  -0.445647  -22.8045
-16.676  17.3429  -0.460394  -0.239693
-16.6146  17.3167  -0.426126  0.558257
-16.5548  17.3167  0  7.11777
-16.4936  17.2947  -0.359949  -5.88838
-16.4332  17.284  -0.177589  3.01529
-11.787  -64.3914  -17.5793  -3.74541
-16.3078  17.1838  -18.0448  0.102971
-16.2472  17.1708  -0.214774  294.343
-16.1952  17.3104  2.68799  55.8634
-16.1331  17.2697  -0.655936  -53.8
-16.0704  17.2196  -0.799708  -2.29446
-11.5285  -64.3914  -17.9684  -3.78005
-15.9462  17.1375  -18.4552  0.110194
-15.8873  17.1552  0.300206  318.687
-15.8306  17.2113  0.989428  12.1473
-15.7692  17.1838  -0.448645  -23.4383
-15.7013  17.0357  -2.18006  -25.4835
-11.2699  -64.3914  -18.3753  -3.65471
-11.2268  -64.3914  0  426.413
-15.5123  16.859  -18.9596  4.42419
-15.4528  16.8649  0.100714  320.626
-15.3948  16.8979  0.568032  8.05634
-15.335  16.8979  0  -9.50218
-15.2735  16.8649  -0.535485  -8.70253
-15.2138  16.8655  0.00849176  9.1047
-15.1542  16.869  0.0588  0.844262
-15.094  16.8604  -0.141669  -3.32886
-15.0319  16.8159  -0.717043  -9.26436
-14.9694  16.7636  -0.83706  -1.92053
-14.9076  16.7242  -0.636605  3.2437
-14.8478  16.7242  0  10.6557
-14.7885  16.7333  0.151968  2.56362
-14.7269  16.6967  -0.592742  -12.0852
-14.6651  16.6566  -0.649432  -0.917462
-14.6034  16.6171  -0.639831  0.155512
-14.5452  16.6467  0.508895  19.7315
-14.4859  16.6547  0.135269  -6.29843
-14.4252  16.6364  -0.302642  -7.21985
-14.3623  16.5724  -1.01697  -11.3507
-14.2998  16.5177  -0.875798  2.26093
-14.238  16.4753  -0.685481  3.07932
-14.1778  16.4653  -0.166846  8.61688
-14.1189  16.4809  0.26532  7.33481
-14.0567  16.4299  -0.820847  -17.4634
-13.9966  16.42  -0.163401  10.928
-13.9346  16.3739  -0.745218  -9.39538
-13.8758  16.392  0.308191  17.917
-13.8141  16.3502  -0.6772  -15.9739
-13.7531  16.3209  -0.480137  3.22666
-13.6915  16.2806  -0.653896  -2.82147
-13.63  16.2418  -0.632377  0.349891
-13.5677  16.186  -0.895751  -4.22825
-13.5065  16.1537  -0.527767  6.01749
-13.4476  16.1676  0.236504  12.9604
-13.3837  16.0773  -1.41486  -25.8619
-13.3265  16.1292  0.907254  40.6022
-13.2664  16.1172  -0.199087  -18.3854
-13.2054  16.0892  -0.460035  -4.28414
-13.1435  16.0374  -0.835297  -6.05352
-13.082  15.996  -0.673072  2.63816
-13.0229  16.0086  0.213118  15.0153
-12.9618  15.9752  -0.545909  -12.4217
-12.9023  15.9752  0  9.16146
-12.84  15.9165  -0.944398  -15.1768
-12.7815  15.9407  0.415199  23.2446
-12.722  15.9407  0  -6.96879
-12.6635  15.9667  0.444212  7.60251
-12.6046  15.9823  0.264609  -3.04939
-12.5425  15.9235  -0.944956  -19.4575
-12.4813  15.8865  -0.604576  5.56253
-12.42  15.8485  -0.622044  -0.285322
-12.3581  15.7929  -0.897451  -4.44463
-12.2975  15.7695  -0.385208  8.45961
-12.2388  15.789  0.331476  12.2068
-12.1764  15.7214  -1.08287  -22.6555
-12.1169  15.7219  0.00847716  18.3383
-12.0566  15.7054  -0.273529  -4.68214
-11.9975  15.7157  0.173307  7.56066
-11.9376  15.7054  -0.170818  -5.73911
-11.8777  15.6964  -0.150883  0.332768
-11.8162  15.6485  -0.778451  -10.203
-11.7551  15.6114  -0.607886  2.79402
-11.698  15.6701  1.02886  28.6615
-11.6378  15.6527  -0.28908  -21.8806
-11.5798  15.6899  0.641454  16.0406
-11.5188  15.6546  -0.579889  -20.0374
-11.4587  15.6404  -0.235482  5.73169
-8.25344  -64.3914  -24.9687  -7.71635
-8.21035  -64.3914  0  579.417
-11.271  15.4074  -26.0726  8.51871
-11.2091  15.3469  -0.977733  405.779
-11.15  15.3545  0.127706  18.6858
-11.0907  15.3603  0.0991821  -0.481576
-11.0311  15.3545  -0.0984277  -3.31089
-7.95179  -64.3914  -25.8977  -8.37836
-10.9071  15.2223  -26.9393  0.35246
-10.849  15.2563  0.584387  473.413
-7.82251  -64.3914  -26.3173  -8.88888
-10.7294  15.2381  -27.3934  0.370212
-10.6651  15.1078  -2.0264  394.472
-10.6094  15.2076  1.79131  68.5448
-10.5506  15.2247  0.290539  -25.5255
-10.4916  15.2365  0.200559  -1.52517
-10.4334  15.2714  0.599092  6.85248
-10.3732  15.2487  -0.375797  -16.1771
-10.3143  15.2638  0.256348  10.7341
-10.2538  15.235  -0.476266  -12.1145
-10.1963  15.2889  0.936933  24.5742
-10.1339  15.2059  -1.32973  -36.3309
-10.0721  15.1382  -1.09489  3.7989
-10.0127  15.1382  0  18.4285
-9.95059  15.0614  -1.23677  -19.9181
-9.89043  15.0394  -0.366248  14.47
-9.83045  15.0224  -0.283927  1.37249
-9.77055  15.0073  -0.251771  0.536776
-9.71084  14.9979  -0.157746  1.57478
-9.65124  14.9915  -0.106938  0.852493
-9.59119  14.9715  -0.333005  -3.76434
-9.5306  14.9355  -0.594818  -4.32148
-9.47024  14.9056  -0.494944  1.65458
-9.41094  14.9074  0.0297324  8.84678
-9.35146  14.9041  -0.0555787  -1.43445
-9.29119  14.8762  -0.461629  -6.73714
-9.23053  14.8358  -0.66565  -3.36303
-9.17083  14.8251  -0.179695  8.1406
-9.11086  14.8058  -0.322333  -2.37865
-9.05089  14.7859  -0.331499  -0.152834
-8.99098  14.7677  -0.304253  0.454746
-8.93009  14.7181  -0.813802  -8.36859
-8.86963  14.6818  -0.601656  3.50897
-8.8098  14.6654  -0.273123  5.49167
-8.75019  14.6554  -0.167205  1.77655
-8.69028  14.6359  -0.325453  -2.64156
-8.63097  14.6359  0  5.48751
-8.57125  14.6223  -0.228346  -3.82366
-8.5099  14.5538  -1.11593  -14.4671
-8.45119  14.5734  0.333404  24.6863
-8.39123  14.551  -0.37336  -11.7883
-8.33278  14.5796  0.488368  14.7418
-8.26935  14.4373  -2.24308  -43.0612
-8.20847  14.3813  -0.919925  21.7329
-5.92643  -64.3914  -34.5187  -14.7232
-5.88334  -64.3914  0  801.032
-8.03104  14.3933  -36.6833  17.0803
-7.97178  14.3933  0  619.044
-7.91312  14.4145  0.362299  6.17565
-7.85402  14.4205  0.100665  -4.42718
-7.79658  14.487  1.1571  18.3909
-7.73782  14.5061  0.325329  -14.156
-7.67882  14.5167  0.179824  -2.4664
-7.61929  14.5073  -0.156875  -5.65561
-7.5607  14.5334  0.444097  10.2571
-7.50092  14.5149  -0.30909  -12.6006
-5.40932  -64.3914  -37.7253  -17.8887
-5.36623  -64.3914  0  875.444
-7.32132  14.4466  -40.3245  20.6253
-7.26205  14.4466  0  680.364
-5.23695  -64.3914  -38.9304  -19.2239
-7.14117  14.3533  -41.3527  1.27206
-7.07996  14.2746  -1.28586  654.609
-7.01814  14.1697  -1.69624  -6.63819
-6.95829  14.1435  -0.437766  21.0264
-6.89908  14.1435  0  7.39401
-4.97839  -64.3914  -40.8889  -21.2886
-6.77615  13.954  -43.5795  1.49661
-6.71695  13.9523  -0.0291062  735.561
-6.65735  13.9341  -0.30544  -4.63707
-6.59769  13.9125  -0.362786  -0.961151
-6.53801  13.8897  -0.380815  -0.302083
-6.47833  13.8664  -0.390582  -0.163653
-6.41862  13.8418  -0.411974  -0.358298
-6.35862  13.8034  -0.640538  -3.80913
-6.29883  13.7738  -0.495187  2.43098
-6.23952  13.7655  -0.140194  5.98525
-6.17998  13.7466  -0.316188  -2.9561
-6.12086  13.7466  0  5.34797
-6.0616  13.7405  -0.103536  -1.74731
-6.00248  13.7405  0  1.75124
-5.94319  13.7325  -0.135276  -2.28165
-5.88426  13.7417  0.157109  4.96166
-5.82561  13.7648  0.393596  4.03231
-5.76568  13.725  -0.664073  -17.6468
-5.70696  13.7449  0.338799  17.0794
-5.64788  13.747  0.0356091  -5.1318
-4.07345  -64.3914  -49.6296  -31.5448
-5.52897  13.7127  -53.6607  2.76954
-5.4698  13.7101  -0.0443742  906.195
-5.41125  13.7399  0.509602  9.46208
-5.35037  13.6467  -1.53147  -33.5269
-5.29169  13.6693  0.38548  32.6676
-3.81489  -64.3914  -52.8579  -36.0532
-5.17205  13.5908  -57.4599  3.39092
-5.11188  13.5312  -0.990759  938.596
-5.0513  13.4468  -1.39303  -6.64024
-4.99163  13.4121  -0.582175  13.5886
-4.93103  13.3228  -1.47316  -14.7015
-4.87258  13.3569  0.583948  35.1951
-4.81182  13.2559  -1.66312  -36.9847
-4.75265  13.2472  -0.14663  25.6309
-4.69403  13.2707  0.401496  9.34899
-4.63486  13.2624  -0.14131  -9.17519
-4.57576  13.2573  -0.0861953  0.932489
-4.51647  13.2402  -0.287054  -3.38757
-4.45707  13.2159  -0.409235  -2.05695
-4.39762  13.1877  -0.475673  -1.11753
-4.33861  13.1877  0  8.06135
-4.27944  13.1767  -0.185166  -3.12925
-4.2201  13.1541  -0.380985  -3.29991
-4.16091  13.1414  -0.213807  2.82463
-4.10125  13.0953  -0.772667  -9.36674
-4.04226  13.0951  -0.00344348  13.0398
-3.98334  13.0999  0.0801026  1.41793
-3.92435  13.0999  0  -1.35794
-3.86509  13.0804  -0.328866  -5.55015
-3.806  13.0721  -0.139318  3.20748
-3.74699  13.0702  -0.0335515  1.7924
-3.6872  13.0084  -1.03256  -16.7097
-3.62852  13.0306  0.377681  24.0305
-3.56918  13.0014  -0.491434  -14.646
-3.50986  12.9729  -0.481008  0.175764
-3.45065  12.9532  -0.332486  2.50872
-3.39159  12.944  -0.155126  3.00267
-3.33161  12.8576  -1.44198  -21.4571
-3.27174  12.7769  -1.34711  1.58464
-3.21387  12.8691  1.5929  50.7993
-2.30665  -64.3914  -85.1615  -95.6263
-2.26355  -64.3914  0  1976.24
-2.22046  -64.3914  0  0
-2.97736  12.7979  -101.981  134.735
-2.91864  12.8181  0.34405  1742.68
-2.85941  12.7884  -0.500274  -14.2553
-2.80049  12.7884  0  8.49023
-2.74182  12.8144  0.441824  7.53038
-2.68259  12.783  -0.529777  -16.4048
-2.62276  12.6848  -1.64096  -18.5715
-1.87572  -64.3914  -103.176  -135.916
-2.504  12.5774  -122.506  30.7673
-2.44484  12.5443  -0.560074  2061.09
-2.38572  12.5147  -0.499871  1.01829
-2.3267  12.4972  -0.297474  3.42981
-2.26753  12.4584  -0.655442  -6.04943
-2.20824  12.402  -0.951561  -4.99396
-2.14941  12.4039  0.0334275  16.7435
-2.09082  12.438  0.581532  9.35465
-2.03188  12.4261  -0.202349  -13.3005
-1.97289  12.4058  -0.342918  -2.38297
-1.91426  12.438  0.54846  15.2044
-1.85551  12.453  0.254583  -5.00193
-1.79654  12.4347  -0.309732  -9.56962
-1.73778  12.4496  0.25326  9.58148
-1.67882  12.4308  -0.318912  -9.70362
-1.61979  12.399  -0.538283  -3.7162
-1.5606  12.3363  -1.05875  -8.79341
-1.50154  12.294  -0.71612  5.80202
-1.44243  12.2367  -0.970334  -4.30045
-1.38358  12.2276  -0.153731  13.8753
-1.32498  12.2711  0.741679  15.2792
-1.26612  12.2621  -0.152475  -15.1922
-1.20717  12.2314  -0.521448  -6.25959
-1.14842  12.2445  0.222437  12.6609
-1.08964  12.2529  0.143219  -1.34776
-1.03086  12.2599  0.120048  -0.394154
-0.971917  12.2234  -0.618962  -12.5386
-0.913037  12.2006  -0.388144  3.92015
-0.854137  12.1679  -0.555382  -2.83935
-0.79531  12.1564  -0.194782  6.12986
-0.736518  12.1564  0  3.31308
-0.677636  12.1188  -0.639591  -10.8622
-0.618807  12.0982  -0.349637  4.92875
-0.559973  12.0712  -0.458849  -1.8563
-0.501188  12.0648  -0.109618  5.94075
-0.442358  12.0289  -0.60932  -8.49414
-0.281289  -64.3914  -474.455  -2941.87
-0.238196  -64.3914  0  11010.1
-0.265983  11.9445  -2747.23  98868.8
-0.207205  11.9045  -0.681362  46728
-0.148474  11.9205  0.272668  16.244
-0.0897226  11.8931  -0.467215  -12.5934
-0.0309817  11.8588  -0.584145  -1.9906
0.0277461  11.8359  -0.389295  3.31784
0.0864604  11.8  -0.61199  -3.79286
0.145173  11.7902  -0.166816  7.58223
0.203879  11.7764  -0.233781  -1.14069
0.192731  -64.3914  6832.39  -612897
0.235824  -64.3914  0  -158551
0.278916  -64.3914  0  0
0.322009  -64.3914  0  0
0.496623  11.3111  433.542  2482.86
0.408194  -64.3914  856.085  -4778.35
0.614243  11.4888  368.265  -2367.51
0.672896  11.4888  0  -6278.7
0.537473  -64.3914  560.32  -4137.55
0.580565  -64.3914  0  -13002.7
0.849246  11.6188  282.901  1052.93
0.666751  -64.3914  416.504  -732.088
0.709843  -64.3914  0  -9665.31
1.02522  11.6017  240.957  764.017
1.0837  11.5504  -0.877952  -4135.39
1.14203  11.4664  -1.43978  -9.63259
1.20068  11.4664  0  24.5493
1.25924  11.4478  -0.318402  -5.43672
1.3176  11.3862  -1.05438  -12.6117
1.3762  11.3794  -0.116625  16.0031
1.05458  -64.3914  235.596  -732.908
1.4931  11.3111  172.635  -143.579
1.5512  11.2172  -1.61604  -2999.21
1.18386  -64.3914  205.832  -564.741
1.66854  11.2428  156.051  -102.709
1.72714  11.2428  0  -2662.9
1.78556  11.2135  -0.500946  -8.57542
1.35623  -64.3914  176.102  -411.351
1.90243  11.166  138.334  -69.1473
1.96107  11.1745  0.145493  -2356.34
2.01978  11.1916  0.290538  2.47053
1.5286  -64.3914  153.881  -312.697
2.13632  11.1063  124.232  -48.7869
2.19416  11.0125  -1.62056  -2175.77
1.65788  -64.3914  140.606  -265.209
2.31092  10.97  115.401  -38.5957
2.36926  10.9452  -0.424635  -1985.48
2.4278  10.9452  0  7.25374
2.48641  10.9529  0.13195  2.25138
2.54506  10.9651  0.207543  1.28886
2.6036  10.9651  0  -3.54507
2.66224  10.9752  0.172326  2.93872
2.72086  10.9824  0.121944  -0.859527
2.77935  10.9768  -0.0953468  -3.71484
2.83739  10.9266  -0.864279  -13.2482
2.1319  -64.3914  106.76  -152.554
2.17499  -64.3914  0  -2477.47
3.01178  10.8134  89.873  107.402
3.07033  10.8168  0.0580513  -1533.99
3.12871  10.8046  -0.20827  -4.56202
2.34737  -64.3914  96.239  -123.437
3.24607  10.8338  83.7041  -13.9478
3.30479  10.8508  0.289674  -1420.62
3.36286  10.8134  -0.644316  -16.083
3.4214  10.8152  0.0316725  11.5485
3.47938  10.7726  -0.735982  -13.2388
2.60592  -64.3914  86.0534  -99.3629
3.59613  10.7521  75.8869  -10.267
3.65463  10.7521  0  -1297.22
3.71218  10.6808  -1.24019  -21.547
2.77829  -64.3914  80.3864  -87.4048
2.82139  -64.3914  0  -1865.43
3.88553  10.5279  70.4037  66.1601
2.90757  -64.3914  76.6082  -6.3444
4.00214  10.5076  68.4277  -7.47367
2.99376  -64.3914  74.2762  -5.79979
4.11735  10.3922  66.5576  -6.86951
3.07994  -64.3914  72.0871  -5.33007
3.12303  -64.3914  0  -1672.84
3.16613  -64.3914  0  0
4.35192  10.4487  63.1138  53.2248
4.41036  10.4487  0  -1080.03
4.46785  10.3891  -1.03673  -18.0337
4.52605  10.3753  -0.2383  13.7185
4.58503  10.4092  0.575005  13.7907
3.42468  -64.3914  64.4643  -55.0607
4.70141  10.3809  58.5657  -4.62008
4.75931  10.3498  -0.536708  -1020.83
4.81685  10.299  -0.883333  -6.02373
3.59705  -64.3914  61.232  -50.9227
4.9347  10.3583  55.8815  -3.99994
4.9936  10.3854  0.460339  -940.938
5.05056  10.3041  -1.42792  -33.1501
3.76942  -64.3914  58.304  -46.6241
3.81252  -64.3914  0  -1352.99
3.85561  -64.3914  0  0
5.28011  10.0874  52.2842  36.7035
3.9418  -64.3914  55.6512  -2.51585
5.39619  10.0536  51.1865  -3.06981
5.45388  10.0198  -0.586071  -897.32
5.51153  9.98403  -0.620763  -0.601819
5.56973  9.97712  -0.118648  8.62707
5.62743  9.94511  -0.554852  -7.56035
5.68641  9.97712  0.542768  18.6097
5.74496  9.98779  0.182162  -6.1582
5.80242  9.94511  -0.742801  -16.0981
5.86062  9.9387  -0.110118  10.8711
5.91915  9.94824  0.162998  4.66611
5.97658  9.90578  -0.739509  -15.7156
6.03486  9.90397  -0.0309902  12.1562
6.0937  9.92766  0.402603  7.36929
6.14961  9.81715  -1.97673  -42.5604
6.20642  9.74967  -1.18773  13.8882
4.63128  -64.3914  47.0696  -30.6368
4.67437  -64.3914  0  -1092.29
4.71746  -64.3914  0  0
6.43958  9.74967  43.0523  24.9996
6.49651  9.69065  -1.03686  -774.541
6.5543  9.66996  -0.358002  11.7458
6.6123  9.65815  -0.203705  2.66047
6.6701  9.63861  -0.338005  -2.32327
6.72866  9.65049  0.202989  9.23935
6.78525  9.58112  -1.22588  -25.2491
6.84277  9.55099  -0.523871  12.2046
6.9006  9.53397  -0.294264  3.97036
6.95846  9.51858  -0.265974  0.488889
7.01636  9.50458  -0.24171  0.419129
7.0739  9.47705  -0.478575  -4.11623
7.13131  9.44468  -0.563726  -1.48318
7.18872  9.41281  -0.555201  0.148485
7.24752  9.43523  0.381313  15.9267
7.30575  9.43523  0  -6.54889
7.36338  9.41281  -0.38902  -6.74951
7.42125  9.39935  -0.232483  2.70523
7.47803  9.34555  -0.94764  -12.5949
7.53563  9.32313  -0.389199  9.69467
7.59236  9.26872  -0.959198  -10.0482
7.64989  9.24472  -0.41704  9.42307
7.70827  9.25144  0.115085  9.11616
5.75169  -64.3914  37.6386  -19.1782
5.79478  -64.3914  0  -873.433
5.83787  -64.3914  0  0
5.88097  -64.3914  0  0
5.92406  -64.3914  0  0
5.96715  -64.3914  0  0
6.01025  -64.3914  0  0
6.05334  -64.3914  0  0
6.09643  -64.3914  0  0
8.28298  9.00978  33.5694  15.3526
8.34112  9.00978  0  -577.41
6.22571  -64.3914  34.6983  -16.4026
6.2688  -64.3914  0  -805.201
6.31189  -64.3914  0  0
6.35499  -64.3914  0  0
6.39808  -64.3914  0  0
6.44117  -64.3914  0  0
6.48426  -64.3914  0  0
6.52736  -64.3914  0  0
6.57045  -64.3914  0  0
6.61354  -64.3914  0  0
6.65664  -64.3914  0  0
9.01931  8.40767  30.8122  13.0412
6.74282  -64.3914  31.9787  -0.512419
6.78591  -64.3914  0  -742.09
6.82901  -64.3914  0  0
6.8721  -64.3914  0  0
6.91519  -64.3914  0  0
6.95828  -64.3914  0  0
7.00138  -64.3914  0  0
7.04447  -64.3914  0  0
7.08756  -64.3914  0  0
7.13066  -64.3914  0  0
7.17375  -64.3914  0  0
7.21684  -64.3914  0  0
7.25993  -64.3914  0  0
7.30303  -64.3914  0  0
7.34612  -64.3914  0  0
9.95363  8.5794  27.9849  10.7324
10.0118  8.58298  0.0616373  -479.979
7.4754  -64.3914  28.7708  -11.3188
10.1258  8.52451  27.5115  -0.475144
10.1847  8.5479  0.39716  -460.421
10.2442  8.588  0.673766  4.64789
10.3067  8.70836  1.92601  20.039
10.3697  8.84223  2.12362  3.13458
10.4286  8.86354  0.36168  -29.9152
10.4877  8.88913  0.433214  1.21106
10.5537  9.09923  3.18147  41.6155
10.6205  9.32633  3.40109  3.28906
7.90632  -64.3914  27.1604  -8.75379
7.94942  -64.3914  0  -630.277
10.8036  9.54745  25.9052  9.07611
8.0356  -64.3914  26.7117  -0.291391
8.07869  -64.3914  0  -619.867
8.12179  -64.3914  0  0
8.16488  -64.3914  0  0
8.20797  -64.3914  0  0
11.2397  11.7216  25.1053  8.28081
11.2984  11.7216  0  -427.678
8.33725  -64.3914  25.7037  -8.68025
11.4158  11.7216  24.7235  -0.318402
8.42344  -64.3914  25.4355  -0.237962
8.46653  -64.3914  0  -590.251
8.50962  -64.3914  0  0
8.55271  -64.3914  0  0
11.7983  13.8644  24.1115  7.42901
11.8574  13.8644  0  -407.648
8.68199  -64.3914  24.644  -7.76078
11.9757  13.8644  23.7589  -0.268718
8.76818  -64.3914  24.3973  -0.199026
8.81127  -64.3914  0  -566.158
8.85436  -64.3914  0  0
8.89746  -64.3914  0  0
8.94055  -64.3914  0  0
8.98364  -64.3914  0  0
9.02673  -64.3914  0  0
9.06983  -64.3914  0  0
9.11292  -64.3914  0  0
9.15601  -64.3914  0  0
9.19911  -64.3914  0  0
9.2422  -64.3914  0  0
9.28529  -64.3914  0  0
9.32838  -64.3914  0  0
9.37148  -64.3914  0  0
9.41457  -64.3914  0  0
9.45766  -64.3914  0  0
9.50075  -64.3914  0  0
9.54385  -64.3914  0  0
9.58694  -64.3914  0  0
9.63003  -64.3914  0  0
9.67312  -64.3914  0  0
9.71622  -64.3914  0  0
9.75931  -64.3914  0  0
9.8024  -64.3914  0  0
9.8455  -64.3914  0  0
9.88859  -64.3914  0  0
9.93168  -64.3914  0  0
9.97477  -64.3914  0  0
10.0179  -64.3914  0  0
10.061  -64.3914  0  0
10.1041  -64.3914  0  0
10.1471  -64.3914  0  0
10.1902  -64.3914  0  0
10.2333  -64.3914  0  0
10.2764  -64.3914  0  0
10.3195  -64.3914  0  0
10.3626  -64.3914  0  0
10.4057  -64.3914  0  0
10.4488  -64.3914  0  0
10.4919  -64.3914  0  0
14.286  10.4446  19.7245  5.19878
14.3418  10.3948  -0.891071  -368.847
14.3998  10.3854  -0.162001  12.5823
14.4583  10.388  0.0434861  3.50932
14.518  10.4126  0.411861  6.17102
14.5737  10.3583  -0.975376  -24.9434
14.6315  10.3479  -0.180388  13.7364
14.6867  10.2853  -1.13438  -17.3002
14.7451  10.2853  0  19.4236
10.9228  -64.3914  19.5373  -5.11146
14.8657  10.3583  18.9579  -0.146948
14.92  10.2809  -1.42649  -375.395
14.976  10.2355  -0.810214  11.0082
15.0354  10.2533  0.299682  18.703
15.0949  10.2736  0.341536  0.703543
15.1542  10.2905  0.285489  -0.944916
15.2111  10.2635  -0.475838  -13.3718
15.2673  10.2228  -0.723323  -4.40461
15.3242  10.1957  -0.476021  4.34538
11.3537  -64.3914  18.7855  -4.85119
11.3968  -64.3914  0  -435.932
15.5058  10.3131  18.1807  4.42458
15.5621  10.2736  -0.703128  -335.908
15.6189  10.2454  -0.49677  3.63125
11.5692  -64.3914  18.4303  -4.6737
15.7303  10.149  17.9137  -0.124133
15.7865  10.11  -0.693425  -331.206
15.8326  9.89311  -4.70247  -86.9234
15.8889  9.85766  -0.629562  72.3256
15.9449  9.81715  -0.723271  -1.67313
11.8278  -64.3914  18.0243  -4.55354
16.0562  9.72514  17.528  -0.117383
16.1209  9.83555  1.70827  -244.757
16.1834  9.90922  1.17758  -8.48275
16.2388  9.85766  -0.931826  -38.1173
16.2987  9.88466  0.450965  23.0915
16.3553  9.85512  -0.521905  -17.1895
16.4145  9.87116  0.270642  13.3759
16.4763  9.93111  0.969403  11.2998
16.5351  9.9387  0.129239  -14.2946
16.5855  9.80365  -2.68272  -55.8586
12.3018  -64.3914  17.3204  -4.66961
16.6968  9.71594  16.8615  -0.10441
16.7565  9.73928  0.391144  -275.983
16.8195  9.81715  1.2367  13.4297
16.8778  9.81715  0  -21.2106
16.93  9.71594  -1.93919  -37.1558
16.987  9.69571  -0.354488  27.7733
17.0459  9.7047  0.152806  8.62329
17.1064  9.74123  0.603719  7.4518
12.6896  -64.3914  16.7844  -3.66347
17.2292  9.84246  16.3527  -0.0951065
17.2772  9.67548  -3.47789  -413.019
17.3369  9.69908  0.395175  64.8361
17.3952  9.69908  0  -6.78075
17.4551  9.72514  0.434999  7.26158
17.5154  9.75642  0.519171  1.39725
17.5786  9.83555  1.25115  11.5724
13.0344  -64.3914  16.3343  -3.31917
13.0774  -64.3914  0  -379.05
13.1205  -64.3914  0  0
17.815  9.88466  15.8222  3.37043
13.2067  -64.3914  16.1181  -0.0642145
13.2498  -64.3914  0  -374.034
17.98  9.73039  15.6699  3.31274
13.336  -64.3914  15.9607  -0.0626201
13.3791  -64.3914  0  -370.389
18.1474  9.61481  15.5205  3.25493
18.207  9.63503  0.339299  -254.82
18.2651  9.63319  -0.0316047  -6.37867
18.3233  9.63166  -0.0262985  0.0912233
18.3751  9.53397  -1.88379  -35.8183
13.6377  -64.3914  15.6043  -3.69143
18.5027  9.70149  15.2297  -0.0770134
18.5452  9.46328  -5.60408  -490.123
13.7669  -64.3914  15.4564  -4.40754
13.81  -64.3914  0  -358.677
13.8531  -64.3914  0  0
18.7846  9.55969  14.9957  3.04082
18.8432  9.56428  0.0783525  -254.747
13.9824  -64.3914  15.2148  -3.11402
18.9639  9.62745  14.8586  -0.071508
19.0198  9.59236  -0.627957  -277.123
19.077  9.57691  -0.270005  6.25732
19.1353  9.57691  0  4.6348
19.1888  9.50704  -1.30677  -24.439
19.2382  9.37917  -2.58568  -25.8607
19.2816  9.16463  -4.9402  -54.2185
14.3271  -64.3914  14.8463  -3.99365
19.372  8.7905  14.5061  -0.0674325
19.4128  8.54122  -6.11589  -505.961
19.4563  8.33261  -4.79658  30.3352
19.5164  8.36318  0.508373  88.2175
19.5677  8.2676  -1.86338  -46.2346
19.6285  8.3076  0.658055  41.4731
19.6936  8.40767  1.53822  13.5297
19.7494  8.37687  -0.551722  -37.4327
19.8084  8.39099  0.23935  13.4058
19.8664  8.39099  0  -4.126
19.919  8.3153  -1.43899  -27.3559
19.9737  8.26914  -0.844099  10.8781
14.8873  -64.3914  14.2854  -2.97451
20.0908  8.28453  13.9669  -0.0611999
20.1432  8.20762  -1.46679  -294.34
20.1996  8.18542  -0.393926  19.0352
20.2575  8.18542  0  6.79578
20.3098  8.10771  -1.48556  -28.4017
20.3678  8.10771  0  25.6348
15.189  -64.3914  13.9992  -2.70317
15.2321  -64.3914  0  -324.862
20.5402  8.08775  13.6545  2.57239
20.5893  7.96798  -2.43931  -327.783
20.6488  7.98975  0.365733  47.1181
20.7067  7.98975  0  -6.31377
20.763  7.96798  -0.386695  -6.86788
20.8269  8.04781  1.24958  25.6122
20.8883  8.09345  0.743868  -8.2426
15.5768  -64.3914  13.6469  -2.42929
20.9957  7.98128  13.3556  -0.0537526
21.0557  8.00789  0.443994  -215.415
21.1136  8.00789  0  -7.66457
21.1744  8.04531  0.615828  10.1334
15.7923  -64.3914  13.4589  -2.38627
21.2823  7.94139  13.1754  -0.0516457
21.33  7.80848  -2.78413  -334.321
21.393  7.87491  1.05465  60.9444
21.4509  7.87491  0  -18.2146
16.0078  -64.3914  13.2765  -2.43912
16.0508  -64.3914  0  -308.092
16.0939  -64.3914  0  0
16.137  -64.3914  0  0
16.1801  -64.3914  0  0
16.2232  -64.3914  0  0
16.2663  -64.3914  0  0
21.8843  7.49577  12.7959  2.27766
21.9393  7.46029  -0.644804  -244.248
22.0002  7.49893  0.634851  21.023
16.4387  -64.3914  12.9264  -2.2101
22.1043  7.3539  12.6632  -0.0464465
22.1698  7.45036  1.47313  -170.895
22.2314  7.49755  0.766275  -11.4778
22.2879  7.48074  -0.297578  -18.8377
22.3445  7.46581  -0.263777  0.59695
22.4041  7.48789  0.370519  10.6438
22.459  7.45245  -0.644777  -18.4733
22.5188  7.47685  0.408119  17.6111
22.5779  7.4919  0.254943  -2.59437
22.6298  7.41927  -1.39912  -31.8604
22.6832  7.3655  -1.00644  7.35082
22.744  7.40236  0.606093  26.5191
22.8032  7.4189  0.279685  -5.51735
22.8589  7.39408  -0.445164  -12.9982
22.9194  7.42652  0.53638  16.2302
22.9796  7.45577  0.485819  -0.839533
23.0406  7.49428  0.631234  2.38373
23.097  7.47685  -0.309184  -16.6819
23.1528  7.45201  -0.445493  -2.44491
23.2087  7.42955  -0.401633  0.784036
23.2642  7.4016  -0.503705  -1.84001
23.3234  7.4189  0.291927  13.4275
23.376  7.35647  -1.18776  -28.153
17.4729  -64.3914  12.1543  -2.26018
23.4824  7.24824  11.921  -0.0388203
23.5353  7.19015  -1.09904  -246.337
23.596  7.22458  0.567297  27.4609
23.6552  7.24193  0.292891  -4.63178
23.7121  7.23107  -0.191013  -8.51274
23.7674  7.20274  -0.511812  -5.7963
23.8284  7.24051  0.619168  18.5416
23.8854  7.23202  -0.148955  -13.4666
23.9462  7.26727  0.579865  11.9863
24.0078  7.31137  0.715977  2.21024
24.0636  7.28847  -0.410281  -20.1819
24.1205  7.2783  -0.178783  4.06904
18.0331  -64.3914  11.7734  -1.96343
18.0762  -64.3914  0  -273.211
18.1193  -64.3914  0  0
18.1624  -64.3914  0  0
18.2055  -64.3914  0  0
18.2486  -64.3914  0  0
18.2917  -64.3914  0  0
18.3348  -64.3914  0  0
18.3778  -64.3914  0  0
18.4209  -64.3914  0  0
18.464  -64.3914  0  0
18.5071  -64.3914  0  0
18.5502  -64.3914  0  0
18.5933  -64.3914  0  0
18.6364  -64.3914  0  0
18.6795  -64.3914  0  0
18.7226  -64.3914  0  0
18.7657  -64.3914  0  0
18.8088  -64.3914  0  0
18.8519  -64.3914  0  0
18.895  -64.3914  0  0
18.9381  -64.3914  0  0
18.9811  -64.3914  0  0
19.0242  -64.3914  0  0
19.0673  -64.3914  0  0
19.1104  -64.3914  0  0
26.2959  13.9341  10.9006  1.51703
19.1966  -64.3914  11.0329  -0.0186405
19.2397  -64.3914  0  -256.027
19.2828  -64.3914  0  0
19.3259  -64.3914  0  0
19.369  -64.3914  0  0
19.4121  -64.3914  0  0
19.4552  -64.3914  0  0
19.4983  -64.3914  0  0
19.5414  -64.3914  0  0
19.5844  -64.3914  0  0
19.6275  -64.3914  0  0
19.6706  -64.3914  0  0
19.7137  -64.3914  0  0
19.7568  -64.3914  0  0
19.7999  -64.3914  0  0
19.843  -64.3914  0  0
19.8861  -64.3914  0  0
19.9292  -64.3914  0  0
19.9723  -64.3914  0  0
20.0154  -64.3914  0  0
20.0585  -64.3914  0  0
20.1016  -64.3914  0  0
20.1446  -64.3914  0  0
20.1877  -64.3914  0  0
20.2308  -64.3914  0  0
20.2739  -64.3914  0  0
28.8324  23.4886  10.2682  1.19978
20.3601  -64.3914  10.3727  -0.0123291
20.4032  -64.3914  0  -240.706
20.4463  -64.3914  0  0
29.1218  23.94  10.1817  1.17362
20.5325  -64.3914  10.2839  -0.0118942
20.5756  -64.3914  0  -238.645
20.6187  -64.3914  0  0
20.6618  -64.3914  0  0
20.7049  -64.3914  0  0
20.7479  -64.3914  0  0
20.791  -64.3914  0  0
20.8341  -64.3914  0  0
20.8772  -64.3914  0  0
20.9203  -64.3914  0  0
20.9634  -64.3914  0  0
21.0065  -64.3914  0  0
21.0496  -64.3914  0  0
21.0927  -64.3914  0  0
21.1358  -64.3914  0  0
21.1789  -64.3914  0  0
21.222  -64.3914  0  0
21.2651  -64.3914  0  0
21.3082  -64.3914  0  0
21.3512  -64.3914  0  0
21.3943  -64.3914  0  0
31.1682  30.665  9.72555  0.995054
21.4805  -64.3914  9.81207  -0.00893112
21.5236  -64.3914  0  -227.697
21.5667  -64.3914  0  0
21.6098  -64.3914  0  0
21.6529  -64.3914  0  0
21.696  -64.3914  0  0
21.7391  -64.3914  0  0
21.7822  -64.3914  0  0
21.8253  -64.3914  0  0
21.8684  -64.3914  0  0
32.216  34.0361  9.5121  0.919256
21.9545  -64.3914  9.592  -0.00778568
21.9976  -64.3914  0  -222.59
22.0407  -64.3914  0  0
32.4956  34.2801  9.43788  0.902728
22.1269  -64.3914  9.51633  -0.007566
22.17  -64.3914  0  -220.834
22.2131  -64.3914  0  0
22.2562  -64.3914  0  0
22.2993  -64.3914  0  0
22.3424  -64.3914  0  0
22.3855  -64.3914  0  0
22.4286  -64.3914  0  0
22.4717  -64.3914  0  0
22.5147  -64.3914  0  0
22.5578  -64.3914  0  0
22.6009  -64.3914  0  0
22.644  -64.3914  0  0
22.6871  -64.3914  0  0
22.7302  -64.3914  0  0
22.7733  -64.3914  0  0
22.8164  -64.3914  0  0
22.8595  -64.3914  0  0
22.9026  -64.3914  0  0
22.9457  -64.3914  0  0
22.9888  -64.3914  0  0
23.0319  -64.3914  0  0
23.075  -64.3914  0  0
23.118  -64.3914  0  0
23.1611  -64.3914  0  0
23.2042  -64.3914  0  0
23.2473  -64.3914  0  0
23.2904  -64.3914  0  0
23.3335  -64.3914  0  0
23.3766  -64.3914  0  0
23.4197  -64.3914  0  0
23.4628  -64.3914  0  0
23.5059  -64.3914  0  0
23.549  -64.3914  0  0
23.5921  -64.3914  0  0
23.6352  -64.3914  0  0
23.6783  -64.3914  0  0
23.7213  -64.3914  0  0
23.7644  -64.3914  0  0
23.8075  -64.3914  0  0
23.8506  -64.3914  0  0
23.8937  -64.3914  0  0
23.9368  -64.3914  0  0
23.9799  -64.3914  0  0
24.023  -64.3914  0  0
24.0661  -64.3914  0  0
24.1092  -64.3914  0  0
24.1523  -64.3914  0  0
24.1954  -64.3914  0  0
24.2385  -64.3914  0  0
24.2815  -64.3914  0  0
24.3246  -64.3914  0  0
24.3677  -64.3914  0  0
24.4108  -64.3914  0  0
24.4539  -64.3914  0  0
24.497  -64.3914  0  0
24.5401  -64.3914  0  0
24.5832  -64.3914  0  0
24.6263  -64.3914  0  0
24.6694  -64.3914  0  0
24.7125  -64.3914  0  0
24.7556  -64.3914  0  0
24.7987  -64.3914  0  0
24.8418  -64.3914  0  0
24.8848  -64.3914  0  0
24.9279  -64.3914  0  0
24.971  -64.3914  0  0
25.0141  -64.3914  0  0
25.0572  -64.3914  0  0
25.1003  -64.3914  0  0
25.1434  -64.3914  0  0
25.1865  -64.3914  0  0
25.2296  -64.3914  0  0
25.2727  -64.3914  0  0
25.3158  -64.3914  0  0
25.3589  -64.3914  0  0
25.402  -64.3914  0  0
25.4451  -64.3914  0  0
25.4881  -64.3914  0  0
25.5312  -64.3914  0  0
25.5743  -64.3914  0  0
25.6174  -64.3914  0  0
25.6605  -64.3914  0  0
25.7036  -64.3914  0  0
25.7467  -64.3914  0  0
25.7898  -64.3914  0  0
25.8329  -64.3914  0  0
25.876  -64.3914  0  0
25.9191  -64.3914  0  0
25.9622  -64.3914  0  0
26.0053  -64.3914  0  0
26.0483  -64.3914  0  0
26.0914  -64.3914  0  0
26.1345  -64.3914  0  0
26.1776  -64.3914  0  0
26.2207  -64.3914  0  0
26.2638  -64.3914  0  0
26.3069  -64.3914  0  0
26.35  -64.3914  0  0
26.3931  -64.3914  0  0
26.4362  -64.3914  0  0
26.4793  -64.3914  0  0
26.5224  -64.3914  0  0
26.5655  -64.3914  0  0
26.6086  -64.3914  0  0
26.6516  -64.3914  0  0
26.6947  -64.3914  0  0
26.7378  -64.3914  0  0
26.7809  -64.3914  0  0
26.824  -64.3914  0  0
26.8671  -64.3914  0  0
26.9102  -64.3914  0  0
26.9533  -64.3914  0  0
26.9964  -64.3914  0  0
27.0395  -64.3914  0  0
27.0826  -64.3914  0  0
27.1257  -64.3914  0  0
27.1688  -64.3914  0  0
27.2119  -64.3914  0  0
27.2549  -64.3914  0  0
27.298  -64.3914  0  0
27.3411  -64.3914  0  0
27.3842  -64.3914  0  0
27.4273  -64.3914  0  0
27.4704  -64.3914  0  0
27.5135  -64.3914  0  0
27.5566  -64.3914  0  0
27.5997  -64.3914  0  0
test
